#Chrom	fStart	fEnd	rStart	rEnd
NC_045512.2	22	47	214	238
NC_045512.2	341	360	531	554
NC_045512.2	644	669	840	864
NC_045512.2	932	957	1116	1142
NC_045512.2	1209	1235	1395	1419
NC_045512.2	1503	1526	1699	1723
NC_045512.2	1760	1787	1954	1980
NC_045512.2	2057	2079	2241	2264
NC_045512.2	2349	2375	2532	2559
NC_045512.2	2935	2960	3126	3153
NC_045512.2	3216	3241	3408	3435
NC_045512.2	3526	3555	3712	3735
NC_045512.2	3823	3853	4006	4039
NC_045512.2	4110	4136	4294	4323
NC_045512.2	4703	4728	4894	4920
NC_045512.2	5005	5027	5189	5212
NC_045512.2	5875	5902	6066	6095
NC_045512.2	6163	6192	6358	6383
NC_045512.2	6460	6487	6642	6669
NC_045512.2	6708	6740	6892	6924
NC_045512.2	7004	7030	7190	7223
NC_045512.2	7277	7303	7462	7491
NC_045512.2	7582	7607	7758	7788
NC_045512.2	7868	7901	8057	8085
NC_045512.2	8172	8193	8365	8386
NC_045512.2	8485	8511	8671	8699
NC_045512.2	8776	8798	8966	8994
NC_045512.2	9071	9097	9252	9281
NC_045512.2	9378	9402	9550	9576
NC_045512.2	9657	9683	9841	9867
NC_045512.2	9941	9965	10131	10156
NC_045512.2	10230	10261	10420	10446
NC_045512.2	10520	10546	10697	10720
NC_045512.2	10803	10828	10986	11010
NC_045512.2	11112	11139	11304	11329
NC_045512.2	11390	11418	11580	11609
NC_045512.2	11666	11692	11859	11886
NC_045512.2	11955	11985	12146	12168
NC_045512.2	12259	12285	12454	12479
NC_045512.2	12549	12573	12746	12768
NC_045512.2	12852	12877	13036	13059
NC_045512.2	13166	13188	13331	13352
NC_045512.2	13431	13454	13602	13627
NC_045512.2	13716	13738	13896	13927
NC_045512.2	13971	13995	14166	14191
NC_045512.2	14270	14298	14463	14490
NC_045512.2	14575	14598	14765	14788
NC_045512.2	14865	14896	15045	15080
NC_045512.2	15164	15188	15349	15372
NC_045512.2	15450	15477	15641	15667
NC_045512.2	15753	15776	15927	15952
NC_045512.2	16007	16030	16202	16224
NC_045512.2	16321	16348	16501	16536
NC_045512.2	16607	16632	16777	16808
NC_045512.2	17173	17198	17365	17393
NC_045512.2	17467	17492	17662	17686
NC_045512.2	17752	17779	17936	17959
NC_045512.2	18029	18059	18211	18244
NC_045512.2	18336	18364	18510	18541
NC_045512.2	18605	18636	18795	18823
NC_045512.2	18890	18915	19081	19106
NC_045512.2	19183	19208	19380	19403
NC_045512.2	19474	19496	19669	19691
NC_045512.2	19775	19800	19940	19962
NC_045512.2	20028	20055	20221	20248
NC_045512.2	20315	20347	20494	20530
NC_045512.2	20625	20650	20807	20843
NC_045512.2	20932	20954	21115	21143
NC_045512.2	21222	21246	21417	21441
NC_045512.2	21532	21562	21704	21732
NC_045512.2	21810	21841	22000	22028
NC_045512.2	22360	22385	22556	22579
NC_045512.2	22657	22686	22839	22866
NC_045512.2	22921	22951	23096	23125
NC_045512.2	24040	24060	24227	24252
NC_045512.2	24313	24338	24509	24533
NC_045512.2	24602	24625	24786	24809
NC_045512.2	24866	24898	25057	25083
NC_045512.2	25160	25186	25345	25367
NC_045512.2	25932	25957	26101	26126
NC_045512.2	26220	26244	26401	26429
NC_045512.2	26840	26864	27024	27047
NC_045512.2	27102	27124	27274	27304
NC_045512.2	27368	27396	27559	27586
NC_045512.2	27642	27669	27837	27861
NC_045512.2	27941	27970	28114	28147
NC_045512.2	28235	28267	28429	28451
NC_045512.2	28542	28566	28722	28745
NC_045512.2	28800	28818	28992	29014
NC_045512.2	29372	29399	29551	29579
NC_045512.2	29644	29676	29833	29862
NC_045512.2	5299	5328	5484	5513
NC_045512.2	5293	5317	5494	5520
NC_045512.2	5298	5326	5485	5513
NC_045512.2	5577	5607	5763	5797
NC_045512.2	5578	5610	5774	5807
NC_045512.2	5574	5599	5762	5798
NC_045512.2	4398	4423	4591	4617
NC_045512.2	4391	4415	4595	4620
NC_045512.2	4390	4413	4593	4617
NC_045512.2	16899	16925	17086	17112
NC_045512.2	16898	16924	17102	17126
NC_045512.2	16896	16923	17099	17123
NC_045512.2	29079	29103	29270	29292
NC_045512.2	29104	29127	29264	29284
NC_045512.2	29085	29104	29267	29292
NC_045512.2	23200	23223	23377	23403
NC_045512.2	23201	23225	23396	23422
NC_045512.2	23194	23217	23380	23405
NC_045512.2	23456	23480	23650	23676
NC_045512.2	23477	23504	23658	23686
NC_045512.2	23473	23501	23660	23686
NC_045512.2	2652	2674	2827	2852
NC_045512.2	2651	2674	2883	2903
NC_045512.2	2649	2673	2868	2890
NC_045512.2	23761	23794	23937	23972
NC_045512.2	23744	23769	23980	24004
NC_045512.2	23743	23770	23978	24002
NC_045512.2	26516	26540	26707	26729
NC_045512.2	26451	26476	26684	26710
NC_045512.2	26453	26478	26685	26713
NC_045512.2	25394	25424	25560	25584
NC_045512.2	25394	25425	25577	25603
NC_045512.2	25395	25428	25576	25603
NC_045512.2	25439	25464	25593	25617
NC_045512.2	25443	25467	25592	25616
NC_045512.2	22092	22115	22263	22292
NC_045512.2	22074	22099	22305	22331
NC_045512.2	22076	22102	22309	22335
NC_045512.2	25653	25681	25828	25856
NC_045512.2	25664	25685	25899	25922
NC_045512.2	25665	25687	25900	25924
NC_045512.2	176	199	371	394
NC_045512.2	482	502	676	702
NC_045512.2	801	822	979	1002
NC_045512.2	1065	1092	1259	1281
NC_045512.2	1336	1363	1529	1549
NC_045512.2	1646	1679	1835	1863
NC_045512.2	1916	1943	2099	2123
NC_045512.2	2182	2208	2379	2402
NC_045512.2	2493	2516	2681	2710
NC_045512.2	2775	2805	2963	2993
NC_045512.2	3078	3103	3270	3295
NC_045512.2	3375	3405	3557	3583
NC_045512.2	3681	3703	3868	3894
NC_045512.2	3970	3998	4159	4186
NC_045512.2	4252	4274	4431	4455
NC_045512.2	4550	4577	4735	4763
NC_045512.2	4839	4874	5031	5055
NC_045512.2	5152	5177	5333	5358
NC_045512.2	5426	5453	5619	5643
NC_045512.2	6031	6062	6209	6241
NC_045512.2	6321	6350	6496	6532
NC_045512.2	6561	6595	6747	6776
NC_045512.2	6838	6864	7031	7058
NC_045512.2	7142	7173	7327	7362
NC_045512.2	7425	7459	7616	7645
NC_045512.2	7724	7754	7915	7940
NC_045512.2	8023	8052	8197	8228
NC_045512.2	8325	8350	8513	8544
NC_045512.2	8614	8647	8806	8830
NC_045512.2	8919	8945	9114	9138
NC_045512.2	9220	9243	9408	9431
NC_045512.2	9518	9546	9705	9733
NC_045512.2	9799	9821	9992	10017
NC_045512.2	10081	10106	10268	10293
NC_045512.2	10366	10388	10562	10583
NC_045512.2	10666	10689	10849	10879
NC_045512.2	10958	10983	11147	11175
NC_045512.2	11247	11275	11439	11464
NC_045512.2	11539	11568	11716	11748
NC_045512.2	11814	11840	12002	12029
NC_045512.2	12110	12133	12304	12330
NC_045512.2	12422	12445	12609	12637
NC_045512.2	12693	12716	12883	12906
NC_045512.2	12998	13022	13193	13217
NC_045512.2	13270	13300	13466	13486
NC_045512.2	13560	13586	13748	13775
NC_045512.2	13854	13886	14029	14056
NC_045512.2	14119	14143	14307	14329
NC_045512.2	14717	14743	14907	14932
NC_045512.2	15012	15038	15191	15217
NC_045512.2	15608	15635	15791	15826
NC_045512.2	15893	15923	16064	16092
NC_045512.2	16172	16198	16360	16387
NC_045512.2	16474	16499	16638	16660
NC_045512.2	16749	16772	16945	16968
NC_045512.2	17043	17073	17231	17253
NC_045512.2	17332	17360	17522	17549
NC_045512.2	17619	17645	17799	17827
NC_045512.2	17881	17905	18075	18101
NC_045512.2	18179	18206	18373	18398
NC_045512.2	18466	18495	18660	18686
NC_045512.2	18742	18774	18930	18959
NC_045512.2	19040	19069	19227	19256
NC_045512.2	19335	19370	19521	19549
NC_045512.2	19612	19639	19802	19828
NC_045512.2	19893	19921	20075	20100
NC_045512.2	20168	20194	20355	20384
NC_045512.2	20463	20489	20653	20676
NC_045512.2	20769	20795	20961	20987
NC_045512.2	21075	21105	21251	21281
NC_045512.2	21674	21697	21863	21888
NC_045512.2	22213	22236	22408	22433
NC_045512.2	22516	22543	22689	22717
NC_045512.2	23894	23919	24073	24096
NC_045512.2	24196	24219	24364	24390
NC_045512.2	24733	24758	24921	24947
NC_045512.2	25004	25040	25196	25219
NC_045512.2	25281	25303	25478	25496
NC_045512.2	25523	25546	25693	25721
NC_045512.2	25782	25805	25966	25993
NC_045512.2	26059	26086	26252	26276
NC_045512.2	26353	26374	26546	26572
NC_045512.2	26675	26698	26870	26893
NC_045512.2	26968	26991	27161	27188
NC_045512.2	27798	27830	27980	28004
NC_045512.2	28396	28421	28572	28598
NC_045512.2	28935	28957	29129	29152
NC_045512.2	29224	29242	29416	29440
NC_045512.2	29503	29526	29697	29720
NC_045512.2	23620	23648	23799	23825
NC_045512.2	23622	23647	23790	23813
NC_045512.2	23610	23632	23790	23813
NC_045512.2	23051	23073	23241	23263
NC_045512.2	23052	23074	23254	23277
NC_045512.2	23055	23079	23253	23276
NC_045512.2	28084	28109	28274	28300
NC_045512.2	28082	28107	28288	28309
NC_045512.2	14406	14432	14600	14626
NC_045512.2	14402	14426	14608	14632
NC_045512.2	14406	14434	14611	14633
NC_045512.2	14407	14435	14607	14632
NC_045512.2	14397	14421	14602	14626
NC_045512.2	5729	5753	5919	5948
NC_045512.2	5697	5723	5932	5957
NC_045512.2	5697	5723	5931	5957
NC_045512.2	15309	15330	15487	15509
NC_045512.2	15266	15292	15486	15510
NC_045512.2	15264	15289	15490	15517
NC_045512.2	23326	23350	23514	23538
NC_045512.2	23324	23347	23552	23575
NC_045512.2	23324	23347	23547	23570
NC_045512.2	24454	24478	24643	24669
NC_045512.2	24427	24449	24647	24669
NC_045512.2	24443	24470	24644	24669
NC_045512.2	27231	27266	27421	27443
NC_045512.2	27193	27221	27418	27443
NC_045512.2	27190	27216	27416	27441
NC_045512.2	27514	27539	27699	27727
NC_045512.2	27499	27522	27727	27754
NC_045512.2	27504	27528	27729	27755
NC_045512.2	22796	22818	22976	22996
NC_045512.2	22792	22811	22975	22997
NC_045512.2	22787	22808	22981	23000
NC_045512.2	22776	22800	22985	23008
NC_045512.2	22769	22794	22991	23016
NC_045512.2	28693	28718	28874	28898
NC_045512.2	28668	28688	28874	28895
NC_045512.2	28623	28647	28858	28881
NC_045512.2	28657	28681	28856	28879
NC_045512.2	21384	21416	21568	21600
NC_045512.2	21349	21377	21578	21606
NC_045512.2	21350	21380	21584	21607
NC_045512.2	21949	21981	22127	22159
NC_045512.2	21926	21956	22109	22141
NC_045512.2	21891	21913	22104	22135
